기간	자치구	합계	합계	살인	살인	강도	강도	강간강제추행	강간강제추행	절도	절도	폭력	폭력
기간	자치구	발생	검거	발생	검거	발생	검거	발생	검거	발생	검거	발생	검거
2014	합계	130,674	79,061	158	152	343	299	5,462	4,957	59,393	19,120	65,318	54,533
2014	종로구	5,021	4,610	3	7	12	15	226	948	2,272	1,281	2,508	2,359
2014	중구	5,231	3,188	6	5	13	13	221	161	2,576	887	2,415	2,122
2014	용산구	3,799	2,340	1	2	7	7	213	169	1,560	522	2,018	1,640
2014	성동구	3,582	2,048	1	1	5	6	141	103	1,753	529	1,682	1,409
2014	광진구	6,268	3,531	8	9	16	22	249	199	3,167	1,001	2,828	2,300
2014	동대문구	4,363	2,882	12	11	13	8	141	112	1,809	676	2,388	2,075
2014	중랑구	5,353	3,259	11	10	14	11	163	118	2,390	823	2,775	2,297
2014	성북구	4,606	3,028	8	5	16	20	165	128	2,130	935	2,287	1,940
2014	강북구	4,030	2,806	6	5	21	10	189	152	1,494	575	2,320	2,064
2014	도봉구	3,124	1,986	6	7	11	15	172	159	1,350	478	1,585	1,327
2014	노원구	5,312	3,300	5	4	8	7	173	136	2,404	803	2,722	2,350
2014	은평구	5,431	3,325	5	3	24	21	188	158	2,352	798	2,862	2,345
2014	서대문구	4,194	2,588	3	3	4	7	185	150	1,883	665	2,119	1,763
2014	마포구	5,740	3,136	4	4	22	9	265	218	2,763	742	2,686	2,163
2014	양천구	4,642	2,654	5	5	11	10	129	96	2,058	630	2,439	1,913
2014	강서구	5,289	3,225	8	6	9	9	214	179	2,341	734	2,717	2,297
2014	구로구	5,389	2,985	3	3	14	10	252	186	2,377	579	2,743	2,207
2014	금천구	3,842	2,434	7	7	9	6	162	133	1,552	496	2,112	1,792
2014	영등포구	7,003	4,072	14	15	10	5	250	183	3,080	892	3,649	2,977
2014	동작구	3,869	2,312	2	2	9	7	203	120	1,787	603	1,868	1,580
2014	관악구	6,781	3,701	7	8	25	22	361	238	3,029	784	3,359	2,649
2014	서초구	5,558	3,122	6	9	14	12	285	184	2,747	782	2,506	2,135
2014	강남구	8,851	5,262	13	9	37	29	512	403	3,895	1,193	4,394	3,628
2014	송파구	8,004	3,982	9	8	9	10	255	195	4,199	885	3,532	2,884
2014	강동구	5,392	3,285	5	4	10	8	148	129	2,425	827	2,804	2,317
2015	합계	126,401	82,680	163	156	276	257	5,449	5,069	55,307	21,842	65,206	55,356
2015	종로구	4,705	4,430	6	8	11	13	211	1,139	2,184	1,145	2,293	2,125
2015	중구	4,954	2,942	3	2	9	6	170	111	2,548	859	2,224	1,964
2015	용산구	3,820	2,483	5	5	14	14	194	173	1,557	587	2,050	1,704
2015	성동구	3,358	2,123	4	4	9	8	126	119	1,607	597	1,612	1,395
2015	광진구	5,909	3,707	4	4	14	26	240	220	3,026	1,277	2,625	2,180
2015	동대문구	4,720	3,205	5	5	13	13	173	146	1,981	814	2,548	2,227
2015	중랑구	5,193	3,405	13	12	11	9	187	148	2,135	829	2,847	2,407
2015	성북구	4,154	2,729	5	5	5	4	150	124	1,785	741	2,209	1,855
2015	강북구	4,257	3,113	7	8	14	13	153	126	1,434	618	2,649	2,348
2015	도봉구	2,664	1,900	3	3	9	10	102	106	1,063	478	1,487	1,303
2015	노원구	5,130	3,268	10	10	7	7	197	121	2,193	801	2,723	2,329
2015	은평구	4,745	3,167	3	3	9	6	166	141	1,914	711	2,653	2,306
2015	서대문구	4,029	2,579	2	2	5	4	154	124	1,812	738	2,056	1,711
2015	마포구	5,854	3,597	8	8	14	10	294	247	2,555	813	2,983	2,519
2015	양천구	4,528	2,815	3	5	6	3	120	105	1,890	672	2,509	2,030
2015	강서구	5,585	4,190	7	8	13	13	262	191	2,096	1,260	3,207	2,718
2015	구로구	5,646	3,502	8	6	15	11	281	164	2,335	889	3,007	2,432
2015	금천구	3,781	2,796	3	4	6	6	151	122	1,567	888	2,054	1,776
2015	영등포구	6,867	4,154	14	12	22	20	295	183	2,964	978	3,572	2,961
2015	동작구	4,074	2,397	5	5	9	5	285	139	1,865	661	1,910	1,587
2015	관악구	6,345	3,712	9	8	12	14	320	221	2,706	827	3,298	2,642
2015	서초구	5,444	3,450	8	6	9	6	393	249	2,635	1,091	2,399	2,098
2015	강남구	8,617	5,732	13	10	21	18	449	349	3,850	1,650	4,284	3,705
2015	송파구	6,778	4,113	11	10	13	10	220	178	3,239	1,129	3,295	2,786
2015	강동구	5,244	3,171	4	3	6	8	156	123	2,366	789	2,712	2,248
2016	합계	117,839	84,421	148	147	262	257	6,002	5,565	46,857	22,566	64,570	55,886
2016	종로구	4,459	4,298	6	5	12	14	238	1,106	1,940	1,020	2,263	2,153
2016	중구	4,584	3,068	3	3	8	7	198	148	2,150	914	2,225	1,996
2016	용산구	4,137	2,835	4	4	9	10	251	214	1,489	599	2,384	2,008
2016	성동구	3,026	2,392	4	5	3	5	104	78	1,296	896	1,619	1,408
2016	광진구	5,322	3,312	4	4	11	6	279	234	2,636	1,057	2,392	2,011
2016	동대문구	4,787	3,623	5	5	10	12	190	158	1,940	1,071	2,642	2,377
2016	중랑구	5,041	3,935	8	7	14	14	164	150	1,691	1,052	3,164	2,712
2016	성북구	3,744	2,672	4	3	8	8	154	117	1,470	725	2,108	1,819
2016	강북구	4,229	3,323	7	6	5	4	217	159	1,222	672	2,778	2,482
2016	도봉구	2,438	1,930	3	3	5	5	123	121	866	492	1,441	1,309
2016	노원구	4,543	3,021	5	6	6	9	159	142	1,857	740	2,516	2,124
2016	은평구	4,501	3,353	6	6	9	7	156	142	1,666	890	2,664	2,308
2016	서대문구	3,665	2,554	6	7	5	4	175	147	1,503	752	1,976	1,644
2016	마포구	5,873	3,771	4	4	4	7	399	320	2,527	940	2,939	2,500
2016	양천구	4,112	2,793	5	5	7	7	131	108	1,719	755	2,250	1,918
2016	강서구	5,450	4,097	9	10	10	10	275	239	1,952	1,070	3,204	2,768
2016	구로구	5,366	3,744	9	9	10	13	273	181	1,910	861	3,164	2,680
2016	금천구	3,645	2,756	6	6	7	7	175	143	1,264	654	2,193	1,946
2016	영등포구	6,322	4,199	13	13	19	14	356	225	2,341	940	3,593	3,007
2016	동작구	3,227	2,160	8	6	7	7	325	149	1,226	554	1,661	1,444
2016	관악구	5,678	3,925	6	7	12	10	322	264	2,103	937	3,235	2,707
2016	서초구	4,989	3,422	5	5	13	10	428	271	2,205	1,107	2,338	2,029
2016	강남구	8,149	5,905	5	5	39	42	516	413	3,587	1,918	4,002	3,527
2016	송파구	6,090	4,060	9	8	15	12	234	184	2,543	1,048	3,289	2,808
2016	강동구	4,462	3,273	4	5	14	13	160	152	1,754	902	2,530	2,201
2017	합계	107,835	79,865	142	140	169	170	6,963	6,558	41,162	21,421	59,399	51,576
2017	종로구	4,057	4,437	7	9	10	15	253	1,412	1,644	905	2,143	2,096
2017	중구	4,184	2,851	1	0	9	9	267	149	1,846	889	2,061	1,804
2017	용산구	4,060	2,936	1	1	5	4	327	289	1,346	626	2,381	2,016
2017	성동구	2,767	2,031	1	1	3	3	132	106	1,072	543	1,559	1,378
2017	광진구	4,646	3,289	6	5	13	8	261	208	2,220	1,168	2,146	1,900
2017	동대문구	3,975	3,274	11	10	3	5	165	149	1,547	1,017	2,249	2,093
2017	중랑구	4,571	3,392	5	5	3	4	172	144	1,533	813	2,858	2,426
2017	성북구	3,434	2,479	7	7	8	8	173	134	1,344	703	1,902	1,627
2017	강북구	3,393	2,824	8	8	7	5	208	153	1,014	635	2,156	2,023
2017	도봉구	1,999	1,652	1	1	3	3	104	115	633	417	1,258	1,116
2017	노원구	4,209	3,047	4	4	9	7	180	155	1,538	757	2,478	2,124
2017	은평구	3,883	3,207	6	6	4	4	230	213	1,387	934	2,256	2,050
2017	서대문구	3,113	2,299	4	4	1	2	202	181	1,230	719	1,676	1,393
2017	마포구	5,278	3,499	3	3	8	8	500	429	2,094	837	2,673	2,222
2017	양천구	3,882	2,660	3	2	3	2	138	122	1,590	756	2,148	1,778
2017	강서구	5,135	3,927	11	11	4	6	316	253	1,888	1,113	2,916	2,544
2017	구로구	4,895	3,408	7	8	8	6	328	181	1,725	869	2,827	2,344
2017	금천구	3,265	2,572	5	5	5	5	240	212	1,141	674	1,874	1,676
2017	영등포구	5,969	4,012	15	13	5	5	455	267	2,304	1,108	3,190	2,619
2017	동작구	3,330	2,242	1	1	7	9	396	173	1,226	593	1,700	1,466
2017	관악구	5,525	4,154	8	7	7	6	379	323	1,979	1,152	3,152	2,666
2017	서초구	4,708	3,237	9	10	13	7	470	283	1,812	835	2,404	2,102
2017	강남구	7,720	5,321	7	7	20	24	607	496	3,130	1,383	3,956	3,411
2017	송파구	5,576	3,870	6	6	1	3	288	242	2,274	1,026	3,007	2,593
2017	강동구	4,261	3,245	5	6	10	12	172	169	1,645	949	2,429	2,109
2018	합계	101,948	74,487	143	139	143	151	6,412	6,046	39,175	19,762	56,075	48,389
2018	종로구	3,690	3,913	6	7	3	7	236	1,100	1,483	969	1,962	1,830
2018	중구	4,030	2,679	2	2	11	11	207	115	1,855	832	1,955	1,719
2018	용산구	3,411	2,543	1	1	3	2	331	285	1,096	522	1,980	1,733
2018	성동구	2,457	1,787	2	2	5	8	126	102	999	487	1,325	1,188
2018	광진구	3,915	2,789	7	5	2	1	229	184	1,769	974	1,908	1,625
2018	동대문구	3,680	2,968	2	2	5	4	145	112	1,447	930	2,081	1,920
2018	중랑구	4,288	3,222	4	5	3	3	174	145	1,526	876	2,581	2,193
2018	성북구	3,042	2,277	7	6	1	2	183	140	1,164	635	1,687	1,494
2018	강북구	3,437	2,743	8	6	7	7	188	135	1,112	603	2,122	1,992
2018	도봉구	2,249	1,676	1	1	5	3	113	117	781	431	1,349	1,124
2018	노원구	4,007	2,725	5	4	5	5	194	173	1,422	585	2,381	1,958
2018	은평구	3,590	2,863	8	8	1	1	188	169	1,278	816	2,115	1,869
2018	서대문구	2,802	2,016	5	4	3	3	206	189	1,062	585	1,526	1,235
2018	마포구	5,172	3,569	6	6	6	7	473	396	2,011	882	2,676	2,278
2018	양천구	3,515	2,459	2	3	4	14	120	111	1,384	646	2,005	1,685
2018	강서구	4,629	3,469	11	9	6	3	269	246	1,724	982	2,619	2,229
2018	구로구	4,810	3,338	8	8	9	9	250	181	1,717	787	2,826	2,353
2018	금천구	3,293	2,567	6	6	7	6	200	185	1,168	645	1,912	1,725
2018	영등포구	5,840	3,922	17	15	8	6	391	267	2,292	1,064	3,132	2,570
2018	동작구	3,100	2,090	3	3	7	7	288	154	1,151	532	1,651	1,394
2018	관악구	5,026	3,653	9	9	10	12	352	305	2,012	1,025	2,643	2,302
2018	서초구	4,726	3,183	5	5	5	5	470	315	1,851	838	2,395	2,020
2018	강남구	7,513	5,196	10	13	14	10	600	523	3,004	1,317	3,885	3,333
2018	송파구	5,807	4,051	5	6	6	8	309	254	2,352	1,034	3,135	2,749
2018	강동구	3,919	2,789	3	3	7	7	170	143	1,515	765	2,224	1,871